-12
-11
-10
-9
-8
-7
-6
-5
-4
-3
-2
-1
0
1
2
3
4
5
6
7
8
9
10
11
12
13
14
15
16
17
18
19
20
21
22
23
24
25
26
27
28
29
30
31
32
33
34
35
36
37
38
39
40
41
42
43
44
45
46
47
48
49
50
51
52
53
54
55
56
57
58
59
60
61
62
63
64
65
66
67
68
70
71
72
73
74
75
76
77
78
79
80
81
82
83
84
85
86
87
88
89
90
91
92
93
94
95
96
97
98
99
100
101
102
103
104
105
106
107
108
109
110
111
112
113
114
115
116
117
118
119
120
121
122
123
124
125
126
127
128
129
130
131
132
133
134
135
136
137
138
139
140
141
142
143
144
145
146
147
148
149
150
151
152
153
154
155
156
157
158
159
160
161
162
163
164
165
166
167
168
170
171
172
173
174
175
176
177
178
179
180
181
182
183
184
185
186
187
188
189
190
191
192
193
194
195
196
197
198
199
200
210
214
220
231
250
260
264
300
310
312
340
350
356
360
384
400
456
472
480
489
500
536
544
550
600
679
680
689
700
720
764
776
794
800
804
810
814
890
900
914
1000
1004
1080
1100
1145
1202
1214
1300
1310
1337
1344
1346
1440
1484
1496
1520
1542
1730
1780
1874
1940
2000
2003
2013
2014
2015
2016
2017
2018
2019
2020
2100
2120
2150
2330
2360
2460
2500
2800
2880
3000
3140
3350
3400
3430
3480
3770
3820
3980
4000
4530
4660
5000
5080
5500
5630
6000
6180
6440
7000
7330
7500
8000
8220
8900
9000
9001
9110
9999
10000
14400
15000
15250
23300
